-3.434999847412109375e+01
-3.425000000000000000e+01
-3.415000152587890625e+01
-3.404999923706054688e+01
-3.395000076293945312e+01
-3.384999847412109375e+01
-3.375000000000000000e+01
-3.365000152587890625e+01
-3.354999923706054688e+01
-3.345000076293945312e+01
-3.334999847412109375e+01
-3.325000000000000000e+01
-3.315000152587890625e+01
-3.304999923706054688e+01
-3.295000076293945312e+01
-3.284999847412109375e+01
-3.275000000000000000e+01
-3.265000152587890625e+01
-3.254999923706054688e+01
-3.245000076293945312e+01
-3.234999847412109375e+01
-3.225000000000000000e+01
-3.215000152587890625e+01
-3.204999923706054688e+01
-3.195000076293945312e+01
-3.185000038146972656e+01
-3.175000000000000000e+01
-3.164999961853027344e+01
-3.154999923706054688e+01
-3.145000076293945312e+01
-3.135000038146972656e+01
-3.125000000000000000e+01
-3.114999961853027344e+01
-3.104999923706054688e+01
-3.095000076293945312e+01
-3.085000038146972656e+01
-3.075000000000000000e+01
-3.064999961853027344e+01
-3.054999923706054688e+01
-3.045000076293945312e+01
-3.035000038146972656e+01
-3.025000000000000000e+01
-3.014999961853027344e+01
-3.004999923706054688e+01
-2.995000076293945312e+01
-2.985000038146972656e+01
-2.975000000000000000e+01
-2.964999961853027344e+01
-2.954999923706054688e+01
-2.945000076293945312e+01
-2.935000038146972656e+01
-2.925000000000000000e+01
-2.914999961853027344e+01
-2.904999923706054688e+01
-2.895000076293945312e+01
-2.885000038146972656e+01
-2.875000000000000000e+01
-2.864999961853027344e+01
-2.854999923706054688e+01
-2.845000076293945312e+01
-2.835000038146972656e+01
-2.825000000000000000e+01
-2.814999961853027344e+01
-2.804999923706054688e+01
-2.795000076293945312e+01
-2.785000038146972656e+01
-2.775000000000000000e+01
-2.764999961853027344e+01
-2.754999923706054688e+01
-2.745000076293945312e+01
-2.735000038146972656e+01
-2.725000000000000000e+01
-2.714999961853027344e+01
-2.704999923706054688e+01
-2.695000076293945312e+01
-2.685000038146972656e+01
-2.675000000000000000e+01
-2.664999961853027344e+01
-2.654999923706054688e+01
-2.645000076293945312e+01
-2.635000038146972656e+01
-2.625000000000000000e+01
-2.614999961853027344e+01
-2.604999923706054688e+01
-2.595000076293945312e+01
-2.585000038146972656e+01
-2.575000000000000000e+01
-2.564999961853027344e+01
-2.554999923706054688e+01
-2.545000076293945312e+01
-2.535000038146972656e+01
-2.525000000000000000e+01
-2.514999961853027344e+01
-2.504999923706054688e+01
-2.495000076293945312e+01
-2.485000038146972656e+01
-2.475000000000000000e+01
-2.464999961853027344e+01
-2.454999923706054688e+01
-2.445000076293945312e+01
-2.435000038146972656e+01
-2.425000000000000000e+01
-2.414999961853027344e+01
-2.404999923706054688e+01
-2.395000076293945312e+01
-2.385000038146972656e+01
-2.375000000000000000e+01
-2.364999961853027344e+01
-2.354999923706054688e+01
-2.345000076293945312e+01
-2.335000038146972656e+01
-2.325000000000000000e+01
-2.314999961853027344e+01
-2.304999923706054688e+01
-2.295000076293945312e+01
-2.285000038146972656e+01
-2.275000000000000000e+01
-2.264999961853027344e+01
-2.254999923706054688e+01
-2.245000076293945312e+01
-2.235000038146972656e+01
-2.225000000000000000e+01
-2.214999961853027344e+01
-2.204999923706054688e+01
-2.195000076293945312e+01
-2.185000038146972656e+01
-2.175000000000000000e+01
-2.164999961853027344e+01
