-6.245000076293945312e+01
-6.234999847412109375e+01
-6.225000000000000000e+01
-6.215000152587890625e+01
-6.204999923706054688e+01
-6.195000076293945312e+01
-6.184999847412109375e+01
-6.175000000000000000e+01
-6.165000152587890625e+01
-6.154999923706054688e+01
-6.145000076293945312e+01
-6.134999847412109375e+01
-6.125000000000000000e+01
-6.115000152587890625e+01
-6.104999923706054688e+01
-6.095000076293945312e+01
-6.084999847412109375e+01
-6.075000000000000000e+01
-6.065000152587890625e+01
-6.054999923706054688e+01
-6.045000076293945312e+01
-6.034999847412109375e+01
-6.025000000000000000e+01
-6.015000152587890625e+01
-6.004999923706054688e+01
-5.995000076293945312e+01
-5.984999847412109375e+01
-5.975000000000000000e+01
-5.965000152587890625e+01
-5.954999923706054688e+01
-5.945000076293945312e+01
-5.934999847412109375e+01
-5.925000000000000000e+01
-5.915000152587890625e+01
-5.904999923706054688e+01
-5.895000076293945312e+01
-5.884999847412109375e+01
-5.875000000000000000e+01
-5.865000152587890625e+01
-5.854999923706054688e+01
-5.845000076293945312e+01
-5.834999847412109375e+01
-5.825000000000000000e+01
-5.815000152587890625e+01
-5.804999923706054688e+01
-5.795000076293945312e+01
-5.784999847412109375e+01
-5.775000000000000000e+01
-5.765000152587890625e+01
-5.754999923706054688e+01
-5.745000076293945312e+01
-5.734999847412109375e+01
-5.725000000000000000e+01
-5.715000152587890625e+01
-5.704999923706054688e+01
-5.695000076293945312e+01
-5.684999847412109375e+01
-5.675000000000000000e+01
-5.665000152587890625e+01
-5.654999923706054688e+01
-5.645000076293945312e+01
-5.634999847412109375e+01
-5.625000000000000000e+01
-5.615000152587890625e+01
-5.604999923706054688e+01
-5.595000076293945312e+01
-5.584999847412109375e+01
-5.575000000000000000e+01
-5.565000152587890625e+01
-5.554999923706054688e+01
-5.545000076293945312e+01
-5.534999847412109375e+01
-5.525000000000000000e+01
-5.515000152587890625e+01
-5.504999923706054688e+01
-5.495000076293945312e+01
-5.484999847412109375e+01
-5.475000000000000000e+01
-5.465000152587890625e+01
-5.454999923706054688e+01
-5.445000076293945312e+01
-5.434999847412109375e+01
-5.425000000000000000e+01
-5.415000152587890625e+01
-5.404999923706054688e+01
-5.395000076293945312e+01
-5.384999847412109375e+01
-5.375000000000000000e+01
-5.365000152587890625e+01
-5.354999923706054688e+01
-5.345000076293945312e+01
-5.334999847412109375e+01
-5.325000000000000000e+01
-5.315000152587890625e+01
-5.304999923706054688e+01
-5.295000076293945312e+01
-5.284999847412109375e+01
-5.275000000000000000e+01
-5.265000152587890625e+01
-5.254999923706054688e+01
-5.245000076293945312e+01
-5.234999847412109375e+01
-5.225000000000000000e+01
-5.215000152587890625e+01
-5.204999923706054688e+01
-5.195000076293945312e+01
-5.184999847412109375e+01
-5.175000000000000000e+01
-5.165000152587890625e+01
-5.154999923706054688e+01
-5.145000076293945312e+01
-5.134999847412109375e+01
-5.125000000000000000e+01
-5.115000152587890625e+01
-5.104999923706054688e+01
-5.095000076293945312e+01
-5.084999847412109375e+01
-5.075000000000000000e+01
-5.065000152587890625e+01
-5.054999923706054688e+01
-5.045000076293945312e+01
-5.034999847412109375e+01
-5.025000000000000000e+01
-5.015000152587890625e+01
-5.004999923706054688e+01
-4.995000076293945312e+01
-4.984999847412109375e+01
-4.975000000000000000e+01
-4.965000152587890625e+01
-4.954999923706054688e+01
-4.945000076293945312e+01
-4.934999847412109375e+01
-4.925000000000000000e+01
-4.915000152587890625e+01
-4.904999923706054688e+01
-4.895000076293945312e+01
-4.884999847412109375e+01
-4.875000000000000000e+01
-4.865000152587890625e+01
-4.854999923706054688e+01
-4.845000076293945312e+01
-4.834999847412109375e+01
-4.825000000000000000e+01
-4.815000152587890625e+01
-4.804999923706054688e+01
-4.795000076293945312e+01
-4.784999847412109375e+01
-4.775000000000000000e+01
-4.765000152587890625e+01
-4.754999923706054688e+01
-4.745000076293945312e+01
-4.734999847412109375e+01
-4.725000000000000000e+01
-4.715000152587890625e+01
-4.704999923706054688e+01
-4.695000076293945312e+01
-4.684999847412109375e+01
-4.675000000000000000e+01
-4.665000152587890625e+01
-4.654999923706054688e+01
-4.645000076293945312e+01
-4.634999847412109375e+01
-4.625000000000000000e+01
-4.615000152587890625e+01
-4.604999923706054688e+01
-4.595000076293945312e+01
-4.584999847412109375e+01
-4.575000000000000000e+01
-4.565000152587890625e+01
-4.554999923706054688e+01
-4.545000076293945312e+01
-4.534999847412109375e+01
-4.525000000000000000e+01
-4.515000152587890625e+01
-4.504999923706054688e+01
-4.495000076293945312e+01
-4.484999847412109375e+01
-4.475000000000000000e+01
-4.465000152587890625e+01
-4.454999923706054688e+01
-4.445000076293945312e+01
-4.434999847412109375e+01
-4.425000000000000000e+01
-4.415000152587890625e+01
-4.404999923706054688e+01
-4.395000076293945312e+01
-4.384999847412109375e+01
-4.375000000000000000e+01
-4.365000152587890625e+01
-4.354999923706054688e+01
-4.345000076293945312e+01
-4.334999847412109375e+01
